02232
02330
02703
04204
06004
06029
06032
06162
07072
07146
07204
07212
08328
08362
09042
11368
12045
12194
12207
12264
12267
13028
13033
14118
14332
15092
15153
17004
17168
17333
17380
21383
21638
22054
22094
22111
22166
22168
22171
22186
22192
22195
22198
22201
22209
22218
22222
22302
22325
22343
22379
23179
23243
23254
24155
24520
24541
25045
25051
25092
25506
27206
27212
27351
27528
28357
29001
29013
29022
29023
29038
29040
29042
29046
29053
29054
29058
29063
29080
29091
29099
29101
29109
29135
29137
29153
29155
29168
29176
29177
29178
29185
29189
29195
29220
29221
29239
29240
29252
29259
29273
32182
32266
32288
33103
33529
33544
34003
34172
35049
35093
35133
35256
35263
35284
35287
35288
35343
38300
39139
39140
39230
39279
39397
39500
42050
42218
44010
44055
44069
44125
44132
45017
45081
45246
45272
46177
48080
48105
50129
50199
50218
50416
50562
50602
51010
51176
51436
53002
53095
54137
54236
54250
54528
55215
56003
56005
56008
56054
56084
56085
56106
56116
56121
56150
56155
56162
56177
56181
56193
56205
56214
56234
56240
56243
56258
57019
57036
57040
57554
57672
59183
59359
60320
60339
60432
60535
60658
61069
63014
63048
63113
64122
64260
65286
65388
65471
66223
67043
67422
67447
67486
67501
68078
68287
68315
68318
70447
71028
71270
71334
71364
71396
72035
76108
76270
76508
76676
76693
80182
80303
80600
81224
82021
82031
82033
82087
82094
82189
83009
83055
83069
83117
83118
83126
83137
85163
85238
86161
89129
89394
89424
94068
02232
02330
02703
04204
06004
06029
06032
06162
07072
07146
07204
07212
08328
08362
09042
11368
12045
12194
12207
12264
12267
13028
13033
14118
14332
15092
15153
17004
17168
17333
17380
21383
21638
22054
22094
22111
22166
22168
22171
22186
22192
22195
22198
22201
22209
22218
22222
22302
22325
22343
22379
23179
23243
23254
24155
24520
24541
25045
25051
25092
25506
27206
27212
27351
27528
28357
29001
29013
29022
29023
29038
29040
29042
29046
29053
29054
29058
29063
29080
29091
29099
29101
29109
29135
29137
29153
29155
29168
29176
29177
29178
29185
29189
29195
29220
29221
29239
29240
29252
29259
29273
32182
32266
32288
33103
33529
33544
34003
34172
35049
35093
35133
35256
35263
35284
35287
35288
35343
38300
39139
39140
39230
39279
39397
39500
42050
42218
44010
44055
44069
44125
44132
45017
45081
45246
45272
46177
48080
48105
50129
50199
50218
50416
50562
50602
51010
51176
51436
53002
53095
54137
54236
54250
54528
55215
56003
56005
56008
56054
56084
56085
56106
56116
56121
56150
56155
56162
56177
56181
56193
56205
56214
56234
56240
56243
56258
57019
57036
57040
57554
57672
59183
59359
60320
60339
60432
60535
60658
61069
63014
63048
63113
64122
64260
65286
65388
65471
66223
67043
67422
67447
67486
67501
68078
68287
68315
68318
70447
71028
71270
71334
71364
71396
72035
76108
76270
76508
76676
76693
80182
80303
80600
81224
82021
82031
82033
82087
82094
82189
83009
83055
83069
83117
83118
83126
83137
85163
85238
86161
89129
89394
89424
94068
